  254  519  232  497  210  475  188  453  166  431  144  409  122  387  100  365  078  343  056  321  034  299  012     
  013  255  520  233  498  211  476  189  454  167  432  145  410  123  388  101  366  079  344  057  322  035  277     
  278  014  256  521  234  499  212  477  190  455  168  433  146  411  124  389  102  367  080  345  058  300  036     
  037  279  015  257  522  235  500  213  478  191  456  169  434  147  412  125  390  103  368  081  323  059  301     
  302  038  280  016  258  523  236  501  214  479  192  457  170  435  148  413  126  391  104  346  082  324  060     
  061  303  039  281  017  259  524  237  502  215  480  193  458  171  436  149  414  127  369  105  347  083  325     
  326  062  304  040  282  018  260  525  238  503  216  481  194  459  172  437  150  392  128  370  106  348  084     
  085  327  063  305  041  283  019  261  526  239  504  217  482  195  460  173  415  151  393  129  371  107  349     
  350  086  328  064  306  042  284  020  262  527  240  505  218  483  196  438  174  416  152  394  130  372  108     
  109  351  087  329  065  307  043  285  021  263  528  241  506  219  461  197  439  175  417  153  395  131  373     
  374  110  352  088  330  066  308  044  286  022  264  529  242  484  220  462  198  440  176  418  154  396  132     
  133  375  111  353  089  331  067  309  045  287  023  265  507  243  485  221  463  199  441  177  419  155  397     
  398  134  376  112  354  090  332  068  310  046  288  001  266  508  244  486  222  464  200  442  178  420  156     
  157  399  135  377  113  355  091  333  069  311  024  289  002  267  509  245  487  223  465  201  443  179  421     
  422  158  400  136  378  114  356  092  334  047  312  025  290  003  268  510  246  488  224  466  202  444  180     
  181  423  159  401  137  379  115  357  070  335  048  313  026  291  004  269  511  247  489  225  467  203  445     
  446  182  424  160  402  138  380  093  358  071  336  049  314  027  292  005  270  512  248  490  226  468  204     
  205  447  183  425  161  403  116  381  094  359  072  337  050  315  028  293  006  271  513  249  491  227  469     
  470  206  448  184  426  139  404  117  382  095  360  073  338  051  316  029  294  007  272  514  250  492  228     
  229  471  207  449  162  427  140  405  118  383  096  361  074  339  052  317  030  295  008  273  515  251  493     
  494  230  472  185  450  163  428  141  406  119  384  097  362  075  340  053  318  031  296  009  274  516  252     
  253  495  208  473  186  451  164  429  142  407  120  385  098  363  076  341  054  319  032  297  010  275  517     
  518  231  496  209  474  187  452  165  430  143  408  121  386  099  364  077  342  055  320  033  298  011  276     
